601.0
231.0  55.0  0.0  0.0  0.0  0.0  
-195.0  -50.0  201.30822139197394  3.3925953402328277  1.0  180.0  
-154.0  -50.0  161.91355718407277  3.4555308669263343  1.0  180.0  
-176.0  -47.0  182.16750533506243  3.4025486521116464  3.0  0.0  
-166.0  -44.0  171.73234989366446  3.4006946713692034  1.0  270.0  
-175.0  -43.0  180.20543831971332  3.38253365359787  1.0  270.0  
-105.0  -43.0  113.46365056704283  3.5302821540960276  1.0  0.0  
64.0  -42.0  76.55063683601855  5.702428953611916  1.0  0.0  
-112.0  -40.0  118.92854997854805  3.4846165940104967  1.0  180.0  
-210.0  -38.0  213.41040274550818  3.3206079306112786  1.0  270.0  
-148.0  -31.0  151.21177202850313  3.348067082015483  3.0  0.0  
-195.0  -27.0  196.86035659827502  3.279179390060143  1.0  90.0  
-186.0  -27.0  187.94946129212502  3.2857470407029474  1.0  270.0  
-116.0  -19.0  117.5457357797381  3.3039441355026082  3.0  0.0  
-34.0  -18.0  38.47076812334269  3.628491885401062  3.0  0.0  
65.0  -18.0  67.446274915669  6.013032107468181  1.0  180.0  
-194.0  -16.0  194.65867563507155  3.223880643364475  1.0  180.0  
-200.0  -15.0  200.5617112013158  3.21645250130056  1.0  0.0  
-72.0  -14.0  73.348483283569  3.333640670830523  1.0  180.0  
-191.0  -9.0  191.21192431435858  3.1886782444700135  1.0  315.0  
-210.0  -7.0  210.11663427725088  3.1749136494680403  1.0  90.0  
-194.0  -7.0  194.12624758130983  3.1776594809059726  1.0  180.0  
51.0  -6.0  51.35172830587107  6.166076562612722  1.0  90.0  
-99.0  -5.0  99.12618221237011  3.192054827606649  1.0  90.0  
51.0  -5.0  51.24451190127583  6.185458399820868  1.0  270.0  
-99.0  -2.0  99.02019995940222  3.161791926170861  3.0  0.0  
-10.0  -2.0  10.198039027185569  3.338988213439674  3.0  0.0  
-43.0  2.0  43.04648650006177  -3.188070784940796  1.0  0.0  
-225.0  3.0  225.01999911119012  -3.154925196883939  3.0  0.0  
-209.0  6.0  209.0861066642162  -3.170292904789266  1.0  180.0  
45.0  6.0  45.39823785126467  0.13255153229667402  3.0  0.0  
-156.0  10.0  156.32018423735306  -3.205607631424137  3.0  0.0  
-39.0  11.0  40.52159917870962  -3.416502495070466  1.0  0.0  
-218.0  12.0  218.33002542023394  -3.1965830287979418  1.0  180.0  
-186.0  15.0  186.60385848100785  -3.222063664855254  3.0  0.0  
-15.0  16.0  21.93171219946131  -3.9592376994224954  1.0  180.0  
-121.0  27.0  123.97580409095961  -3.361136489879182  1.0  0.0  
-89.0  28.0  93.30058949438637  -3.4463956781800302  1.0  90.0  
-89.0  28.0  93.30058949438637  -3.4463956781800302  3.0  0.0  
-60.0  30.0  67.08203932499369  -3.6052402625905993  1.0  180.0  
-127.0  31.0  130.728726758888  -3.381005511481503  1.0  180.0  
-57.0  31.0  64.88451279003334  -3.639709363590107  1.0  0.0  
-133.0  32.0  136.79546776117988  -3.377706300726469  1.0  0.0  
82.0  32.0  88.02272433866155  0.3720677588581205  1.0  0.0  
-161.0  38.0  165.42369842317032  -3.3733756017412104  3.0  0.0  
-125.0  38.0  130.64838307457157  -3.4367151207983926  1.0  180.0  
28.0  40.0  48.82622246293481  0.960070362405688  1.0  270.0  
-126.0  45.0  133.79461872586654  -3.4846165940104967  1.0  90.0  
-126.0  45.0  133.79461872586654  -3.4846165940104967  3.0  0.0  
-33.0  52.0  61.587336360651285  -4.146905092229865  1.0  90.0  
-33.0  52.0  61.587336360651285  -4.146905092229865  3.0  0.0  
-204.0  54.0  211.02606474082768  -3.400363545553491  3.0  0.0  
-92.0  58.0  108.75660899458019  -3.7040905846588656  1.0  180.0  
-199.0  60.0  207.84850252046562  -3.434431935666152  1.0  90.0  
-199.0  61.0  208.13937638034758  -3.4390318893522194  3.0  0.0  
-56.0  61.0  82.80700453464067  -3.9696998727522455  3.0  0.0  
-120.0  64.0  136.0  -3.6315499798435216  1.0  180.0  
-89.0  65.0  110.20889256316842  -3.7723902715560405  1.0  0.0  
-3.0  65.0  65.06919393998976  -4.6662678643701785  1.0  180.0  
-149.0  66.0  162.96318602678338  -3.5585708778949945  1.0  0.0  
-127.0  68.0  144.05901568454507  -3.633183298113439  1.0  0.0  
-75.0  68.0  101.23734488813898  -3.878078810838047  1.0  90.0  
-203.0  69.0  214.40615662802222  -3.4692428445532153  3.0  0.0  
-134.0  72.0  152.11837495845134  -3.634643550794604  1.0  180.0  
-76.0  72.0  104.6900186264192  -3.899970367799977  3.0  0.0  
-121.0  75.0  142.35870187663275  -3.696468977943873  1.0  180.0  
-210.0  77.0  223.6716343213864  -3.493037447593345  3.0  0.0  
-109.0  79.0  134.61797799699713  -3.7687504925363626  1.0  180.0  
-105.0  80.0  132.00378782444085  -3.792669375034273  1.0  270.0  
51.0  80.0  94.87360012142472  1.003258702010146  3.0  0.0  
-165.0  81.0  183.8096841844847  -3.597941122146902  1.0  180.0  
-133.0  81.0  155.72411502397438  -3.6886199872004903  1.0  90.0  
-83.0  81.0  115.97413504743201  -3.9147962995389896  1.0  0.0  
-83.0  81.0  115.97413504743201  -3.9147962995389896  3.0  0.0  
-133.0  85.0  157.84169284444462  -3.7102655032625016  3.0  0.0  
-104.0  86.0  134.9518432626987  -3.832535881592195  1.0  180.0  
41.0  89.0  97.98979538707079  1.1391013094785702  1.0  180.0  
-225.0  90.0  242.33241632105268  -3.522099030702158  3.0  0.0  
-140.0  90.0  166.43316977093238  -3.71293013342342  3.0  0.0  
-93.0  93.0  131.52186130069785  -3.9269908169872414  1.0  180.0  
-67.0  94.0  115.43396380615195  -4.093146543406854  1.0  0.0  
-74.0  97.0  122.00409829181969  -4.0606913338414925  1.0  180.0  
47.0  98.0  108.6876257906115  1.1236081366288702  1.0  0.0  
-81.0  99.0  127.91403363196706  -4.026659469478403  1.0  0.0  
-87.0  101.0  133.30416347586447  -4.001321704154907  1.0  180.0  
-176.0  104.0  204.4309174268902  -3.6753008452290548  1.0  270.0  
-62.0  106.0  122.80065146407001  -4.183142199552845  1.0  180.0  
-179.0  107.0  208.54256160314134  -3.680367418501361  1.0  180.0  
-53.0  107.0  119.40686747419514  -4.25248667222372  1.0  0.0  
-169.0  111.0  202.19297712828703  -3.722736654120861  1.0  0.0  
-225.0  113.0  251.78165143631892  -3.607016459656984  3.0  0.0  
65.0  114.0  131.2288078129189  1.0525953918510316  3.0  0.0  
-172.0  118.0  208.58571379651102  -3.742892345724909  1.0  180.0  
-206.0  121.0  238.90793205751876  -3.672680048608648  1.0  90.0  
-206.0  121.0  238.90793205751876  -3.672680048608648  3.0  0.0  
-95.0  125.0  157.00318468107582  -4.062518530972742  1.0  0.0  
-136.0  126.0  185.39687160251654  -3.888841396116259  1.0  0.0  
-62.0  126.0  140.42791745233566  -4.255110712002547  1.0  0.0  
-133.0  127.0  183.89671013914307  -3.9039179890970974  3.0  0.0  
-141.0  133.0  193.82982226685345  -3.897802028994447  3.0  0.0  
