601.0
110.0  54.0  0.0  0.0  0.0  0.0  
19.0  -49.0  52.55473337388365  5.082295047841248  3.0  0.0  
113.0  -49.0  123.1665539016173  5.874029154419511  3.0  0.0  
151.0  -49.0  158.75137794677562  5.969402711644466  1.0  270.0  
44.0  -48.0  65.11528238439882  5.454336248390607  3.0  0.0  
62.0  -48.0  78.40918313565064  5.62437927106211  3.0  0.0  
83.0  -48.0  95.88013350011565  5.758864594876164  3.0  0.0  
119.0  -48.0  128.3160161476345  5.899784582143685  3.0  0.0  
26.0  -47.0  53.71219600798314  5.217679168484084  1.0  270.0  
51.0  -47.0  69.35416353759881  5.538580826650003  1.0  0.0  
66.0  -47.0  81.02468759581859  5.664370540441901  3.0  0.0  
70.0  -47.0  84.31488599292535  5.691893241812465  3.0  0.0  
-23.0  -46.0  51.42956348249516  4.2487413713838835  3.0  0.0  
56.0  -45.0  71.84010022264724  5.60627045533711  3.0  0.0  
102.0  -42.0  110.30865786510141  5.8925782634819  1.0  180.0  
-59.0  -41.0  71.84705978674423  3.748897878756044  3.0  0.0  
35.0  -41.0  53.907327887774215  5.419003182792994  3.0  0.0  
97.0  -41.0  105.30906893520614  5.8832810107114675  3.0  0.0  
10.0  -39.0  40.26164427839479  4.963391667027724  3.0  0.0  
49.0  -38.0  62.00806399170998  5.623556564542666  3.0  0.0  
-4.0  -37.0  37.21558813185679  4.604699109551869  1.0  180.0  
-4.0  -37.0  37.21558813185679  4.604699109551869  3.0  0.0  
89.0  -37.0  96.38464608017192  5.889192271907349  3.0  0.0  
162.0  -37.0  166.1715980545412  6.058641755256836  3.0  0.0  
135.0  -36.0  139.71757226634023  6.022582915432245  3.0  0.0  
27.0  -33.0  42.638011210655684  5.398118491290976  3.0  0.0  
-31.0  -32.0  44.553338819890925  3.9428624999790314  3.0  0.0  
74.0  -29.0  79.47955712005447  5.909688161073109  3.0  0.0  
104.0  -29.0  107.96758772891057  6.0112468855250905  3.0  0.0  
126.0  -29.0  129.29423807734048  6.056966169205688  1.0  0.0  
128.0  -29.0  131.24404748406687  6.060384153420192  1.0  180.0  
-70.0  -25.0  74.33034373659252  3.4846165940104967  3.0  0.0  
139.0  -25.0  141.23030836190935  6.105231741769786  3.0  0.0  
-78.0  -24.0  81.60882305241266  3.4400915851759724  3.0  0.0  
149.0  -23.0  150.7647173578752  6.130031692392373  3.0  0.0  
156.0  -23.0  157.68639763784319  6.136803977700606  1.0  180.0  
129.0  -22.0  130.86252328302402  6.114267803388158  1.0  90.0  
-67.0  -19.0  69.6419413859206  3.4179199285648583  3.0  0.0  
1.0  -15.0  15.033296378372908  4.778957144160513  3.0  0.0  
128.0  -15.0  128.87590930814028  6.166529871738517  3.0  0.0  
39.0  -13.0  41.10960958218893  5.961434752782944  3.0  0.0  
-34.0  -9.0  35.17101079013795  3.400363545553491  3.0  0.0  
68.0  -5.0  68.18357573492314  6.209787981277975  3.0  0.0  
170.0  -5.0  170.07351351694948  6.253782018975581  1.0  0.0  
170.0  -5.0  170.07351351694948  6.253782018975581  3.0  0.0  
-78.0  -1.0  78.00640999302557  3.154412464062694  3.0  0.0  
-15.0  6.0  16.15549442140351  -3.522099030702158  3.0  0.0  
175.0  10.0  175.28548142958104  0.0570807824062646  1.0  0.0  
175.0  10.0  175.28548142958104  0.0570807824062646  3.0  0.0  
179.0  11.0  179.3376703316958  0.061375332113816884  3.0  0.0  
123.0  12.0  123.58397954427588  0.09725319825156578  3.0  0.0  
153.0  15.0  153.73353570382747  0.09772690735871872  3.0  0.0  
93.0  23.0  95.80187889597991  0.2424470229658554  3.0  0.0  
157.0  32.0  160.22796260328596  0.20106751397073855  3.0  0.0  
196.0  42.0  200.44949488586894  0.21109333322274654  1.0  0.0  
-89.0  53.0  103.58571330062848  -3.6787009076841732  3.0  0.0  
-20.0  57.0  60.40695324215582  -4.374932911156908  3.0  0.0  
109.0  58.0  123.47064428438041  0.4890044918589033  1.0  180.0  
-46.0  61.0  76.40026177965623  -4.066270076524088  1.0  0.0  
-27.0  61.0  66.70832032063167  -4.295686719645291  3.0  0.0  
-62.0  65.0  89.8276126811795  -3.950608471992192  3.0  0.0  
145.0  65.0  158.90248582070703  0.4214192068878042  1.0  0.0  
-17.0  69.0  71.06335201775947  -4.470823273289364  1.0  0.0  
-15.0  69.0  70.61161377563892  -4.498328296820868  1.0  180.0  
21.0  69.0  72.12489168102785  1.2753554896511767  1.0  0.0  
21.0  69.0  72.12489168102785  1.2753554896511767  3.0  0.0  
-32.0  73.0  79.7057087039567  -4.299260148106288  3.0  0.0  
-29.0  77.0  82.28000972289685  -4.352195835966859  3.0  0.0  
72.0  81.0  108.37435120913067  0.844153986113171  1.0  45.0  
94.0  81.0  124.08464852672147  0.7112486437388276  3.0  0.0  
109.0  84.0  137.6117727521886  0.6565817580432702  3.0  0.0  
-12.0  88.0  88.81441324469807  -4.576861266399189  1.0  270.0  
-12.0  88.0  88.81441324469807  -4.576861266399189  3.0  0.0  
-17.0  92.0  93.55746896961247  -4.529667419622593  1.0  180.0  
-8.0  92.0  92.34717104492157  -4.625650641708704  1.0  0.0  
-6.0  92.0  92.19544457292888  -4.647263817050304  1.0  180.0  
3.0  92.0  92.04890004774636  1.5381991816769438  1.0  90.0  
94.0  92.0  131.52946437965906  0.7746458896063471  1.0  0.0  
96.0  92.0  132.9661611087573  0.7641247773733871  1.0  180.0  
105.0  92.0  139.6030085635693  0.7195038539670693  1.0  225.0  
75.0  93.0  119.47384651043926  0.8921338360465839  1.0  270.0  
110.0  93.0  144.04513181638595  0.7018492674467962  1.0  0.0  
110.0  93.0  144.04513181638595  0.7018492674467962  3.0  0.0  
30.0  97.0  101.53324578678651  1.270849170297955  3.0  0.0  
108.0  101.0  147.8681845428556  0.7519178557474089  1.0  0.0  
111.0  101.0  150.07331541616585  0.7382632895839477  3.0  0.0  
-54.0  105.0  118.07201192492656  -4.237378224119593  1.0  0.0  
-48.0  105.0  115.45128842936315  -4.283610952938673  3.0  0.0  
30.0  109.0  113.05308487608819  1.3022168962760161  3.0  0.0  
51.0  113.0  123.97580409095961  1.146839054291001  3.0  0.0  
-3.0  117.0  117.03845521878696  -4.6867535718630124  3.0  0.0  
-53.0  121.0  132.09844813622905  -4.299545075442105  3.0  0.0  
202.0  122.0  235.98305023878305  0.5433264688263294  3.0  0.0  
7.0  126.0  126.19429464123962  1.5152978215491797  3.0  0.0  
-67.0  130.0  146.24978632463024  -4.236509565547253  1.0  270.0  
-35.0  130.0  134.6291201783626  -4.44939424870377  3.0  0.0  
-21.0  134.0  135.63554106501732  -4.556936968744878  1.0  0.0  
-20.0  134.0  135.4843164355196  -4.5642289596528585  1.0  180.0  
-28.0  136.0  138.85243966167826  -4.509343763131224  3.0  0.0  
106.0  140.0  175.60182231400674  0.9227394408643822  1.0  90.0  
