601.0
160.0  119.0  0.0  0.0  0.0  0.0  
6.0  -113.0  113.1591799192624  4.765436510146161  1.0  0.0  
-15.0  -111.0  112.00892821556681  4.578067538431721  1.0  270.0  
-141.0  -110.0  178.83232370016333  3.8041071308442325  1.0  180.0  
-9.0  -109.0  109.37092849564732  4.630007049792999  1.0  0.0  
-6.0  -109.0  109.16501271011697  4.6573986051765415  1.0  180.0  
-41.0  -108.0  115.52056094046635  4.349565647397593  3.0  0.0  
-130.0  -107.0  168.37161280928564  3.830247354648302  1.0  180.0  
-130.0  -107.0  168.37161280928564  3.830247354648302  3.0  0.0  
-22.0  -105.0  107.28000745712129  4.505852907279014  1.0  180.0  
47.0  -104.0  114.12712210513327  5.1368409874584415  3.0  0.0  
-12.0  -103.0  103.69667304209909  4.596406995904365  1.0  0.0  
-12.0  -103.0  103.69667304209909  4.596406995904365  3.0  0.0  
115.0  -103.0  154.38264151127873  5.552777518990286  3.0  0.0  
-8.0  -102.0  102.3132444994293  4.6341178398634115  1.0  180.0  
-47.0  -99.0  109.59014554237986  4.2691467020704215  3.0  0.0  
-71.0  -98.0  121.01652779682617  4.085415292194126  3.0  0.0  
111.0  -98.0  148.07092894960846  5.559908068770523  3.0  0.0  
-143.0  -96.0  172.23530416264836  3.732815857918599  1.0  90.0  
132.0  -93.0  161.47135968957468  5.669415212163018  3.0  0.0  
139.0  -93.0  167.2423391369542  5.693524330359605  1.0  0.0  
139.0  -93.0  167.2423391369542  5.693524330359605  3.0  0.0  
-80.0  -92.0  121.91800523302537  3.9966453907158095  1.0  0.0  
57.0  -92.0  108.2266141020775  5.26707058805401  1.0  0.0  
-86.0  -89.0  123.76186811776881  3.94413199512585  1.0  180.0  
49.0  -89.0  101.59724405711013  5.215663411639422  3.0  0.0  
39.0  -85.0  93.5200513259055  5.142556281735456  1.0  180.0  
123.0  -84.0  148.94629904767692  5.684009984193279  3.0  0.0  
-32.0  -82.0  88.02272433866155  4.340321221526569  1.0  0.0  
-152.0  -79.0  171.30382365843442  3.620904777572094  1.0  180.0  
-49.0  -79.0  92.9623579735368  4.157210404264085  1.0  90.0  
-41.0  -79.0  89.00561780022652  4.233667136388924  1.0  270.0  
-112.0  -78.0  136.48443134658254  3.7499176622083663  1.0  0.0  
-57.0  -78.0  96.60745312862771  4.08130959291336  1.0  180.0  
-14.0  -78.0  79.2464510246358  4.534792813101202  1.0  180.0  
-49.0  -77.0  91.26883367283708  4.145659762861183  1.0  270.0  
-99.0  -76.0  124.80785231707178  3.7963112405721224  1.0  0.0  
143.0  -76.0  161.94134740701648  5.794680940310243  3.0  0.0  
-26.0  -72.0  76.55063683601855  4.365850115950748  1.0  0.0  
-24.0  -72.0  75.8946638440411  4.3906384259880475  1.0  180.0  
-15.0  -72.0  73.54590403278758  4.506993591194922  1.0  0.0  
-15.0  -72.0  73.54590403278758  4.506993591194922  3.0  0.0  
-107.0  -71.0  128.41339493993607  3.727435433281954  1.0  180.0  
-35.0  -71.0  79.1580697086532  4.254391028787468  1.0  0.0  
-34.0  -71.0  78.7210264160726  4.265785175378881  1.0  180.0  
-66.0  -69.0  95.4829827770373  3.9492093823139607  1.0  0.0  
33.0  -69.0  76.48529270389177  5.1584945293280935  1.0  180.0  
82.0  -69.0  107.16809226630845  5.583668094843123  1.0  270.0  
-49.0  -68.0  83.81527307120105  4.087978630758049  1.0  270.0  
104.0  -68.0  124.25779653607253  5.704111037811855  1.0  180.0  
38.0  -66.0  76.15773105863909  5.234792412101219  1.0  0.0  
88.0  -66.0  110.0  5.639684198386302  1.0  0.0  
43.0  -65.0  77.93587107359485  5.2968328800940405  1.0  180.0  
117.0  -65.0  133.843191832831  5.776086802787249  1.0  0.0  
-154.0  -64.0  166.76930173146374  3.5354612643261545  1.0  180.0  
113.0  -63.0  129.37542270462347  5.774585302414128  1.0  90.0  
113.0  -62.0  128.89142717807107  5.7813618103782325  1.0  270.0  
-61.0  -61.0  86.2670273047588  3.9269908169872414  1.0  0.0  
29.0  -61.0  67.54257916307313  5.156171653134331  1.0  180.0  
81.0  -61.0  101.40019723846694  5.637711814356256  1.0  0.0  
-73.0  -59.0  93.86160024205851  3.821325234887386  1.0  270.0  
35.0  -58.0  67.7421582177598  5.255340120816283  1.0  0.0  
60.0  -58.0  83.45058418010026  5.514734673588543  1.0  90.0  
42.0  -56.0  70.0  5.355890089177974  1.0  180.0  
-18.0  -54.0  56.92099788303083  4.3906384259880475  1.0  180.0  
-8.0  -53.0  53.600373133029585  4.562576523811792  1.0  0.0  
-70.0  -52.0  87.20091742636656  3.78050663859368  3.0  0.0  
149.0  -50.0  157.16551784663199  5.959422683063578  1.0  0.0  
53.0  -49.0  72.18032973047436  5.536982745709192  1.0  0.0  
45.0  -48.0  65.79513659838392  5.465540261346884  1.0  0.0  
46.0  -48.0  66.48308055437865  5.4765137577580765  1.0  180.0  
46.0  -48.0  66.48308055437865  5.4765137577580765  3.0  0.0  
-60.0  -46.0  75.6042326857432  3.7956753780041534  1.0  180.0  
22.0  -46.0  50.99019513592785  5.1584945293280935  1.0  180.0  
-8.0  -45.0  45.70557952810576  4.536449354932162  1.0  180.0  
77.0  -45.0  89.1852005660132  5.754303756426461  1.0  180.0  
93.0  -44.0  102.88342918079665  5.841273405020573  1.0  180.0  
31.0  -42.0  52.20153254455275  5.348227403908435  1.0  90.0  
-83.0  -41.0  92.57429448826494  3.6004093822966228  1.0  0.0  
-54.0  -41.0  67.80117993073571  3.7909933989498574  1.0  0.0  
98.0  -41.0  106.23088063270491  5.8869459625690626  1.0  0.0  
82.0  -40.0  91.23595782365635  5.829341305658076  1.0  0.0  
-93.0  -38.0  100.46392387319938  3.5294926113177256  1.0  0.0  
-90.0  -38.0  97.6933979345585  3.5411081475891675  1.0  180.0  
149.0  -38.0  153.7693077307692  6.033474818169772  3.0  0.0  
-66.0  -36.0  75.17978451685  3.640939375269923  1.0  180.0  
-8.0  -35.0  35.90264614203248  4.487677811970047  3.0  0.0  
63.0  -34.0  71.58910531638176  5.788297864748512  1.0  180.0  
-97.0  -33.0  102.45974819410792  3.4695159690912165  1.0  180.0  
-83.0  -31.0  88.60022573334675  3.499042320665759  1.0  0.0  
2.0  -31.0  31.064449134018133  4.776815819810243  1.0  0.0  
45.0  -31.0  54.644304369257  5.679955454254902  1.0  270.0  
-55.0  -30.0  62.64982043070834  3.640939375269923  3.0  0.0  
-23.0  -29.0  37.013511046643494  4.041867422404141  1.0  180.0  
-95.0  -27.0  98.76234100101111  3.4185014929075517  1.0  90.0  
-5.0  -26.0  26.476404589747453  4.522400692465974  3.0  0.0  
24.0  -26.0  35.38361202590826  5.457808456658848  1.0  180.0  
-95.0  -25.0  98.2344135219425  3.3989163685608816  1.0  270.0  
-64.0  -25.0  68.70953354520753  3.5139911002665474  1.0  270.0  
-154.0  -23.0  155.7080601638849  3.2898474790236536  3.0  0.0  
