601.0
250.0  197.0  0.0  0.0  0.0  0.0  
-16.0  -192.0  192.66551326067673  4.629247748496248  1.0  270.0  
-70.0  -191.0  203.42320418280704  4.3610980325337705  1.0  0.0  
-5.0  -188.0  188.06647760831805  4.685799503732156  1.0  0.0  
-112.0  -186.0  217.1174797200815  4.170389702597358  1.0  90.0  
-41.0  -185.0  189.4887859478761  4.49429244429368  1.0  180.0  
-41.0  -185.0  189.4887859478761  4.49429244429368  3.0  0.0  
-113.0  -183.0  215.07673049402624  4.159211001775077  3.0  0.0  
-33.0  -182.0  184.967564724197  4.533019039548718  1.0  0.0  
-7.0  -182.0  182.13456563760764  4.6739463903635015  1.0  180.0  
-199.0  -180.0  268.33002068348594  3.8769008250033923  1.0  270.0  
-158.0  -180.0  239.50782868207042  3.991987890146844  1.0  180.0  
-22.0  -179.0  180.34688796871433  4.590097256637731  1.0  180.0  
21.0  -179.0  180.22763384120648  4.829173575854317  1.0  0.0  
3.0  -177.0  177.02542190318317  4.729336510191095  1.0  0.0  
-138.0  -176.0  223.6515146382872  4.047424263009243  1.0  270.0  
-108.0  -175.0  205.6428943581567  4.159459707370347  1.0  180.0  
-101.0  -175.0  202.05444810743464  4.188945777792543  1.0  0.0  
-14.0  -175.0  175.55910685578235  4.632558994672452  1.0  0.0  
-46.0  -171.0  177.0790783802536  4.449603980244319  1.0  0.0  
-116.0  -168.0  204.15680248279753  4.10808347351846  3.0  0.0  
-131.0  -165.0  210.67985190805504  4.041354470410146  1.0  0.0  
-106.0  -165.0  196.1147623204332  4.141357873090497  1.0  0.0  
-117.0  -164.0  201.45719148245863  4.092716528382832  1.0  0.0  
-139.0  -162.0  213.45959805077868  4.003254578219451  1.0  180.0  
-60.0  -161.0  171.81676286090365  4.355661903999487  1.0  180.0  
1.0  -161.0  161.00310556011024  4.718600080637556  1.0  180.0  
24.0  -161.0  162.77899127344412  4.860367628124949  1.0  0.0  
-171.0  -158.0  232.81967270830015  3.8874976845720903  1.0  0.0  
8.0  -158.0  158.2024020045208  4.762978689154075  1.0  0.0  
-53.0  -157.0  165.7045563646335  4.386821650629  1.0  0.0  
21.0  -155.0  156.41611170208776  4.847052888077695  1.0  0.0  
-181.0  -153.0  237.00210969525145  3.8433540450006105  1.0  180.0  
-8.0  -152.0  152.21038072352357  4.659805918773748  1.0  270.0  
-54.0  -151.0  160.3652081967906  4.368945576901339  1.0  180.0  
-175.0  -150.0  230.4886114323222  3.8502189257174635  1.0  0.0  
-80.0  -150.0  170.0  4.222431654130961  1.0  180.0  
-182.0  -146.0  233.32380932943812  3.8176722830993413  1.0  180.0  
-65.0  -146.0  159.8155186457185  4.293529326875693  1.0  0.0  
-58.0  -146.0  157.09869509324386  4.334246665062088  1.0  180.0  
2.0  -145.0  145.01379244747721  4.726181209221523  1.0  0.0  
-174.0  -142.0  224.58851261807672  3.8260690323199475  1.0  180.0  
-86.0  -142.0  166.01204775557707  4.1678372722286525  1.0  180.0  
-187.0  -141.0  234.2007685726074  3.78765566967311  3.0  0.0  
-45.0  -141.0  148.00675660252813  4.403458236460948  1.0  0.0  
30.0  -141.0  144.15616532080756  4.922028826258902  1.0  0.0  
-178.0  -140.0  226.45970944077447  3.8080579226742524  1.0  270.0  
-76.0  -140.0  159.29846201391902  4.215046264037867  1.0  0.0  
-169.0  -139.0  218.81956036881164  3.8298945060892677  1.0  0.0  
-61.0  -139.0  151.79591562357663  4.298846890835822  1.0  180.0  
-56.0  -137.0  148.00337833982033  4.324354514620714  1.0  0.0  
-175.0  -135.0  221.02036105300343  3.7986675893014468  1.0  180.0  
-92.0  -134.0  162.5423021862309  4.110735347726364  1.0  180.0  
-86.0  -134.0  159.22311389996113  4.1418062173889005  1.0  0.0  
-121.0  -131.0  178.33115263464205  3.966652546910369  1.0  0.0  
-154.0  -128.0  200.24984394500785  3.8350521581050203  1.0  0.0  
-129.0  -128.0  181.72781845386248  3.9230997860405967  1.0  180.0  
-88.0  -126.0  153.68799562750502  4.102729113672608  1.0  180.0  
-160.0  -125.0  203.03940504246953  3.8047956462958865  1.0  180.0  
-79.0  -124.0  147.02720836634285  4.145138114499527  1.0  0.0  
-159.0  -118.0  198.00252523642217  3.780043300274005  1.0  0.0  
-116.0  -117.0  164.7573974060042  3.9312826361292528  1.0  90.0  
-113.0  -117.0  162.65915283192643  3.944380368276572  1.0  90.0  
-116.0  -116.0  164.04877323527901  3.9269908169872414  3.0  0.0  
-76.0  -115.0  137.84411485442533  4.128410499984561  1.0  180.0  
-164.0  -114.0  199.7298175035465  3.749037251577441  1.0  180.0  
-72.0  -114.0  134.8332303254654  4.149072718892722  1.0  0.0  
-124.0  -113.0  167.7647161950331  3.88061060005872  3.0  0.0  
-161.0  -110.0  194.9897433200013  3.740974566801443  1.0  0.0  
-230.0  -108.0  254.0944706206729  3.5805973647959854  1.0  180.0  
-28.0  -107.0  110.60289327137876  4.456445844380008  1.0  270.0  
-25.0  -107.0  109.88175462741756  4.4828616261414  1.0  0.0  
-204.0  -106.0  229.89562849258357  3.6208032083276107  1.0  0.0  
-39.0  -106.0  112.94689017409908  4.359835846574513  1.0  180.0  
-123.0  -105.0  161.72198366332265  3.8482068559980975  3.0  0.0  
-169.0  -104.0  198.4363877921587  3.69324763611834  1.0  180.0  
-169.0  -104.0  198.4363877921587  3.69324763611834  3.0  0.0  
-192.0  -103.0  217.88299612406655  3.633979780677268  1.0  0.0  
-33.0  -103.0  108.15729286552988  4.402333799153737  1.0  0.0  
-212.0  -100.0  234.4013651837378  3.5823435013692153  1.0  180.0  
-40.0  -100.0  107.70329614269008  4.331882603272325  1.0  0.0  
-200.0  -98.0  222.71955459725578  3.5972083068010177  1.0  180.0  
-144.0  -98.0  174.18381095842403  3.739149106574958  1.0  0.0  
-149.0  -96.0  177.2484132510077  3.713947082225391  1.0  180.0  
-134.0  -95.0  164.2589419179364  3.7583035839243326  1.0  0.0  
-211.0  -94.0  230.99134182908242  3.560696103821666  1.0  0.0  
-138.0  -92.0  165.8553586713435  3.7295952571373605  1.0  0.0  
-137.0  -92.0  165.0242406436097  3.7329565890157244  1.0  180.0  
-77.0  -92.0  119.97082978791136  4.0155162357112575  1.0  180.0  
12.0  -91.0  91.7877987534291  4.843500628867236  3.0  0.0  
-215.0  -89.0  232.69293070482394  3.5340697278332085  1.0  180.0  
-144.0  -89.0  169.28378540191025  3.695182618223502  1.0  180.0  
-71.0  -89.0  113.85077953180645  4.03901977941323  1.0  0.0  
-117.0  -85.0  144.61673485458036  3.7698805516402807  1.0  0.0  
-116.0  -85.0  143.80890097626084  3.7739676568336895  1.0  180.0  
-123.0  -83.0  148.38463532320318  3.7352026750005365  1.0  180.0  
-21.0  -79.0  81.74350127074322  4.452574610538852  1.0  270.0  
-153.0  -78.0  171.73526137634053  3.6130526036507002  1.0  0.0  
-26.0  -77.0  81.27115109311545  4.386747395041403  1.0  90.0  
-139.0  -76.0  158.42032697857937  3.641946931604039  1.0  0.0  
