601.0
194.0  186.0  0.0  0.0  0.0  0.0  
-67.0  -175.0  187.38729946290383  4.346747712416402  1.0  90.0  
53.0  -175.0  182.84966502567076  5.006464941214892  1.0  0.0  
57.0  -175.0  184.04890654388578  5.027266790760161  1.0  180.0  
-88.0  -174.0  194.98717906570164  4.244154247594486  1.0  0.0  
-67.0  -174.0  186.45374761586316  4.344830086901251  1.0  270.0  
-136.0  -173.0  220.05681084665386  4.046164510749764  3.0  0.0  
43.0  -173.0  178.2638493918495  4.956007100133358  1.0  90.0  
-33.0  -172.0  175.13708916160505  4.522832005788376  1.0  0.0  
103.0  -171.0  199.6246477767713  5.254526692022828  1.0  0.0  
-156.0  -170.0  230.72927859289987  3.969909231065946  1.0  180.0  
-5.0  -169.0  169.07394831847986  4.682811809379446  3.0  0.0  
54.0  -169.0  177.41758650145144  5.021662463927137  1.0  90.0  
54.0  -169.0  177.41758650145144  5.021662463927137  3.0  0.0  
-27.0  -167.0  169.1685549976709  4.552099351220165  3.0  0.0  
-49.0  -165.0  172.12204972053988  4.423714593862862  1.0  180.0  
106.0  -165.0  196.1147623204332  5.283420087678882  1.0  90.0  
-93.0  -163.0  187.66459442313567  4.193903804574642  1.0  270.0  
83.0  -162.0  182.02472359545007  5.185864282803416  1.0  180.0  
88.0  -162.0  184.35834670553976  5.210004102063919  1.0  0.0  
89.0  -162.0  184.83776670366908  5.214758145365599  1.0  180.0  
-157.0  -161.0  224.8777445635739  3.939568769999524  1.0  0.0  
-17.0  -161.0  161.89502771858065  4.607188730964137  1.0  90.0  
29.0  -161.0  163.59095329510126  4.8906022410795105  1.0  90.0  
-17.0  -160.0  160.90059042775448  4.606536114833517  1.0  270.0  
105.0  -160.0  191.3765920900464  5.29314533395236  3.0  0.0  
46.0  -156.0  162.64070831129578  4.999134384516632  3.0  0.0  
-39.0  -154.0  158.86157496386593  4.464356891632802  1.0  135.0  
64.0  -154.0  166.76930173146374  5.106257591121051  1.0  180.0  
71.0  -153.0  168.67127793433  5.14686714637171  1.0  0.0  
-40.0  -152.0  157.175061635108  4.455065265413602  1.0  270.0  
46.0  -152.0  158.80806024884254  5.006258315417157  1.0  270.0  
113.0  -152.0  189.40168953839878  5.351666249460752  1.0  0.0  
-169.0  -149.0  225.30423875284725  3.8641804643331406  1.0  180.0  
107.0  -149.0  183.43936327844142  5.335173315184189  1.0  180.0  
94.0  -146.0  173.64331256918592  5.28441850163033  1.0  180.0  
41.0  -145.0  150.68510211696443  4.987953915122454  3.0  0.0  
-132.0  -144.0  195.34584715319647  3.970441712378772  3.0  0.0  
9.0  -144.0  144.2809758769326  4.774807790380647  3.0  0.0  
-169.0  -142.0  220.73740054644117  3.840391232299543  1.0  180.0  
84.0  -141.0  164.12495239907915  5.249673694685462  1.0  90.0  
-62.0  -140.0  153.11433636338563  4.295490909974796  3.0  0.0  
84.0  -140.0  163.2666530556684  5.252808480655274  3.0  0.0  
-166.0  -137.0  215.23243250030885  3.8315718937340804  3.0  0.0  
-171.0  -131.0  215.41123461880997  3.795306963431604  1.0  180.0  
97.0  -131.0  163.00306745579974  5.349755196820098  1.0  270.0  
-19.0  -128.0  129.40247292845683  4.565027499296038  1.0  0.0  
26.0  -125.0  127.67536959022284  4.917464880767437  1.0  0.0  
109.0  -125.0  165.8493292117879  5.4295173367253105  1.0  0.0  
111.0  -125.0  167.17057157286985  5.438534550118706  3.0  0.0  
-173.0  -124.0  212.8497122384712  3.763480587041478  1.0  180.0  
95.0  -121.0  153.83757668398187  5.377993121029382  1.0  270.0  
5.0  -120.0  120.10412149464314  4.754031559483278  1.0  180.0  
9.0  -120.0  120.33702672078948  4.787248828095456  1.0  0.0  
-163.0  -119.0  201.81674856165927  3.772210431615528  3.0  0.0  
121.0  -118.0  169.01183390520322  5.5103387858517054  3.0  0.0  
71.0  -116.0  136.0036764208968  5.261635489728222  3.0  0.0  
-128.0  -115.0  172.07265907168403  3.8735438247057097  3.0  0.0  
94.0  -111.0  145.45446022724775  5.415049626042131  1.0  90.0  
94.0  -110.0  144.69277798148738  5.41951600326086  3.0  0.0  
16.0  -109.0  110.16805344563369  4.8581371070931265  1.0  180.0  
-170.0  -108.0  201.40506448448608  3.7075602566375583  1.0  180.0  
-154.0  -108.0  188.09572031282372  3.7531896978980552  1.0  270.0  
24.0  -106.0  108.6830253535482  4.935049921021054  1.0  0.0  
-163.0  -103.0  192.81597444195333  3.705139702061278  1.0  180.0  
-99.0  -103.0  142.86357128393507  3.9467902095536345  3.0  0.0  
76.0  -100.0  125.60254774486066  5.362259429796637  3.0  0.0  
-34.0  -98.0  103.73041983911952  4.378443908539795  1.0  90.0  
22.0  -97.0  99.46356116689167  4.935419948756248  1.0  180.0  
-35.0  -96.0  102.18121158021175  4.362781856594288  3.0  0.0  
-171.0  -92.0  194.17775361765828  3.635185225871967  3.0  0.0  
20.0  -89.0  91.21951545584969  4.933436043059708  1.0  180.0  
-51.0  -85.0  99.12618221237011  4.171969480114106  1.0  180.0  
-110.0  -84.0  138.40520221436765  3.793764065346863  1.0  180.0  
121.0  -84.0  147.29901561110313  5.676352537803563  1.0  0.0  
-68.0  -81.0  105.75916035975324  4.014018758898686  3.0  0.0  
-57.0  -74.0  93.40770846134703  4.056040612721498  1.0  0.0  
-61.0  -68.0  91.35097153287424  3.981201216461905  1.0  180.0  
112.0  -66.0  130.0  5.750681208877736  1.0  180.0  
-178.0  -61.0  188.16216410320115  3.471746371534082  3.0  0.0  
-14.0  -61.0  62.5859409132754  4.486787736548665  1.0  90.0  
-14.0  -61.0  62.5859409132754  4.486787736548665  3.0  0.0  
-50.0  -57.0  75.82216034906945  3.992318286610593  1.0  0.0  
-29.0  -57.0  63.953107821277925  4.24174847837855  3.0  0.0  
117.0  -56.0  129.71121771072848  5.83677736937331  1.0  0.0  
-185.0  -55.0  193.00259065618783  3.4305680635823594  3.0  0.0  
50.0  -55.0  74.33034373659252  5.450204040505154  1.0  0.0  
90.0  -55.0  105.47511554864494  5.734635904729058  1.0  180.0  
-111.0  -51.0  122.15563842901399  3.572285164976301  1.0  270.0  
-12.0  -50.0  51.419840528729765  4.476843999663826  1.0  180.0  
-1.0  -49.0  49.01020301937138  4.691983649698152  1.0  0.0  
-29.0  -47.0  55.226805085936306  4.159547758792151  1.0  0.0  
86.0  -46.0  97.52948272189288  5.7920217088933255  1.0  0.0  
-63.0  -45.0  77.42092740338364  3.7618421395726145  1.0  180.0  
114.0  -45.0  122.56018929489298  5.907224353308281  1.0  0.0  
13.0  -44.0  45.880278987817846  4.999670433781824  3.0  0.0  
-1.0  -41.0  41.012193308819754  4.688003571211971  1.0  180.0  
68.0  -39.0  78.39005038906404  5.762456915772516  3.0  0.0  
10.0  -35.0  36.40054944640259  4.990688639389801  3.0  0.0  
50.0  -35.0  61.032778078668514  5.672459342790377  1.0  180.0  
