601.0
219.0  84.0  0.0  0.0  0.0  0.0  
-171.0  -75.0  186.72439583514523  3.554923058129121  1.0  0.0  
-170.0  -75.0  185.80904176062046  3.557084749530684  1.0  180.0  
-149.0  -75.0  166.8112706024386  3.607921221314868  1.0  0.0  
-158.0  -74.0  174.4706279005151  3.5796048540689216  1.0  90.0  
-47.0  -74.0  87.66413177577246  4.14653465327663  3.0  0.0  
-76.0  -73.0  105.38026380684383  3.9068593088568386  1.0  0.0  
-183.0  -71.0  196.29060089571277  3.511692594638338  1.0  180.0  
-159.0  -71.0  174.13213373757299  3.561566252521825  3.0  0.0  
-80.0  -71.0  106.96261028976434  3.867458596911993  1.0  180.0  
34.0  -68.0  76.02631123499285  5.176036589385496  1.0  0.0  
34.0  -68.0  76.02631123499285  5.176036589385496  3.0  0.0  
-129.0  -67.0  145.3616180427282  3.6206236643711946  1.0  0.0  
-69.0  -67.0  96.17692030835673  3.91228599460939  1.0  0.0  
-23.0  -67.0  70.83784299369935  4.381710091808211  1.0  180.0  
1.0  -67.0  67.00746227100382  4.727313245374774  1.0  180.0  
-138.0  -66.0  152.97058540778355  3.587698202533197  3.0  0.0  
7.0  -66.0  66.37017402418047  4.818054562484545  1.0  0.0  
-184.0  -64.0  194.81273059017474  3.4763294909066076  1.0  0.0  
-153.0  -63.0  165.46298679765212  3.53219969728748  1.0  0.0  
-159.0  -62.0  170.66048165876012  3.5133941363258616  1.0  90.0  
-76.0  -62.0  98.08159868191383  3.825887445250943  1.0  180.0  
72.0  -62.0  95.01578816175763  5.5722759339960195  1.0  0.0  
-57.0  -60.0  82.75868534480233  3.9526262255089186  1.0  0.0  
47.0  -60.0  76.21679604916491  5.3768843794794465  3.0  0.0  
-184.0  -59.0  193.22784478433744  3.4518870807131146  1.0  180.0  
-91.0  -58.0  107.91200118615167  3.709032603047642  1.0  0.0  
72.0  -57.0  91.8313671900838  5.613546361502949  1.0  0.0  
-108.0  -56.0  121.6552506059644  3.6199450849684505  3.0  0.0  
-63.0  -55.0  83.6301381082203  3.8592977942932727  1.0  180.0  
-43.0  -54.0  69.02897942168927  4.039910477739844  3.0  0.0  
-83.0  -51.0  97.41663102366043  3.692575141263431  3.0  0.0  
76.0  -51.0  91.52595260361949  5.692152409877156  3.0  0.0  
-165.0  -48.0  171.84004189943624  3.4246884388892886  1.0  180.0  
-2.0  -48.0  48.041648597857254  4.6707464012861015  1.0  180.0  
1.0  -48.0  48.010415536631214  4.733219300420907  1.0  0.0  
20.0  -48.0  52.0  5.107180100084451  1.0  0.0  
27.0  -47.0  54.20332093147061  5.233823420156433  1.0  180.0  
-154.0  -44.0  160.1624175641714  3.4198923125949046  1.0  0.0  
35.0  -44.0  56.22277118748239  5.384352151974921  1.0  0.0  
-81.0  -43.0  91.706052144883  3.6296256717633177  1.0  0.0  
18.0  -43.0  46.61544808322666  5.108830263603131  1.0  180.0  
-163.0  -42.0  168.32409215557945  3.3937758030163634  1.0  0.0  
-162.0  -42.0  167.35590817177624  3.3952667497284357  3.0  0.0  
-167.0  -40.0  171.72361514946044  3.3766846332091403  1.0  135.0  
-5.0  -39.0  39.319206502675  4.584879422169451  1.0  180.0  
-103.0  -38.0  109.78615577567146  3.495032883941466  3.0  0.0  
-1.0  -38.0  38.01315561749642  4.686079263131767  1.0  0.0  
-1.0  -38.0  38.01315561749642  4.686079263131767  3.0  0.0  
29.0  -37.0  47.01063709417264  5.377163475202035  1.0  0.0  
30.0  -37.0  47.634021455258214  5.3936872056725385  3.0  0.0  
13.0  -36.0  38.27531841800928  5.058927844818632  1.0  180.0  
-152.0  -35.0  155.97756248896826  3.36791096347788  1.0  180.0  
-25.0  -35.0  43.01162633521314  4.092139494401868  1.0  180.0  
-168.0  -34.0  171.40595088852663  3.3412765389648946  3.0  0.0  
-177.0  -32.0  179.86939706353607  3.3204516236256296  1.0  0.0  
-57.0  -31.0  64.88451279003334  3.639709363590107  1.0  0.0  
-11.0  -31.0  32.89376840679705  4.3714100268883405  1.0  0.0  
19.0  -31.0  36.359317925395686  5.262242163061274  1.0  0.0  
-66.0  -29.0  72.09022125087424  3.555591656201993  1.0  180.0  
-183.0  -27.0  184.98108011361595  3.2880768319833544  1.0  180.0  
-131.0  -27.0  133.75350462698165  3.3448532488282976  1.0  0.0  
-138.0  -26.0  140.42791745233566  3.3278154940009346  1.0  180.0  
-40.0  -26.0  47.70744176750625  3.7179678741809767  1.0  0.0  
-55.0  -24.0  60.00833275470999  3.5530488970034955  1.0  0.0  
-48.0  -24.0  53.665631459994955  3.6052402625905993  1.0  180.0  
81.0  -23.0  84.20213774008353  6.006516968097691  1.0  0.0  
-60.0  -22.0  63.90618123468183  3.493037447593345  1.0  180.0  
-4.0  -21.0  21.37755832643195  4.524167475079919  1.0  180.0  
-127.0  -20.0  128.56515857727553  3.297790163428462  1.0  0.0  
-69.0  -20.0  71.84010022264724  3.4237163857325084  1.0  0.0  
3.0  -19.0  19.235384061671343  4.868990857366705  1.0  0.0  
-77.0  -18.0  79.07591289387686  3.371235095874928  1.0  180.0  
-133.0  -17.0  134.08206442324789  3.268722849152517  1.0  180.0  
-46.0  -16.0  48.703182647543684  3.4763294909066076  1.0  180.0  
-40.0  -16.0  43.08131845707603  3.522099030702158  1.0  0.0  
84.0  -16.0  85.5102333057278  6.094963801874815  1.0  0.0  
-52.0  -15.0  54.120236510939236  3.422430378210996  1.0  0.0  
-194.0  -13.0  194.4350791395421  3.2085029316184346  1.0  0.0  
-175.0  -12.0  175.410946066658  3.2100569091396247  1.0  0.0  
-61.0  -12.0  62.16912416947821  3.335833649771197  1.0  180.0  
91.0  -11.0  91.6624241442479  6.162889830251632  3.0  0.0  
-197.0  -9.0  197.20547659738054  3.187246188590999  1.0  180.0  
-184.0  -8.0  184.1738309315414  3.185043548981324  1.0  0.0  
-182.0  -8.0  182.17573932881405  3.185520420666683  1.0  180.0  
-169.0  -5.0  169.07394831847986  3.1711698245950366  1.0  180.0  
-93.0  -5.0  93.13431161500041  3.195304382893026  1.0  0.0  
-175.0  -4.0  175.04570831642803  3.164445817130601  1.0  0.0  
55.0  -4.0  55.14526271584895  6.210585853449092  1.0  180.0  
89.0  -4.0  89.08984229416954  6.238271711709797  3.0  0.0  
-201.0  -3.0  201.02238681301145  3.1565169185798783  3.0  0.0  
-189.0  -3.0  189.02380802428036  3.157464336581583  1.0  180.0  
-99.0  -1.0  99.00505037623081  3.151693320175115  1.0  180.0  
-180.0  1.0  180.00277775634464  -3.1471481519904856  1.0  180.0  
-185.0  2.0  185.0108104949546  -3.1524030432638996  1.0  0.0  
65.0  2.0  65.03076195155643  0.030759526070469233  1.0  0.0  
-26.0  3.0  26.1725046566048  -3.256469259006692  3.0  0.0  
-115.0  4.0  115.06954418958998  -3.1763612454458756  1.0  180.0  
-70.0  5.0  70.178344238091  -3.2129001183750834  1.0  0.0  
95.0  7.0  95.25754563287887  0.07355129048853977  1.0  90.0  
